0.4978582550051458
0.4990348570400678
0.5
0.496602893372857
0.4910042860293007
0.489840953942141
0.4950460499952654
0.49780157103075384
0.5
0.5
0.6621046989048853
0.6657693751886054
0.6655528784482614
0.6643935601107336
0.6617670934128962
0.6654543367991379
0.6594903553692011
0.6624838344185748
0.6647031922251868
0.6648801248620171
0.7340479664378448
0.7347255529062988
0.7338551426290028
0.7371673871210733
0.7337457065165929
0.7370672481634228
0.7309092142257771
0.7357838312403404
0.7392712472341989
0.7341326237897725
0.7865292992255264
0.7861309960095136
0.7862937166961173
0.7887113045865854
0.7872958434919425
0.7862470670958048
0.789531911603144
0.7882296136741406
0.7864968206188121
0.7801545228077637
0.8205781421352296
0.812476142763668
0.8201793064830412
0.8121322709074581
0.817993492155495
0.8197401695080192
0.8195740494212174
0.8144722459861685
0.8186759934194165
0.8194650638317253
0.8445750405716365
0.8441677678538955
0.8367892263751516
0.8345817869475484
0.8450976471563485
0.8358002057005729
0.8379590705663056
0.8349569906248638
0.8357038347527809
0.842743910650329
0.8616843855965038
0.8503771614041766
0.8608629184907384
0.8653183444085518
0.8611225016046807
0.8567805665055378
0.8560487534604257
0.8642151776092404
0.8633531224842391
0.8607216181210474
0.8767464316127508
0.8769673107123865
0.8745707745291708
0.8776717237727674
0.8725829855023363
0.8726058802578891
0.8766710714155822
0.8754089928961547
0.8743050479208941
0.8716700622442463
0.8703043224970829
0.8870016028786285
0.8905106849291728
0.8865883914496976
0.8877944003441667
0.8835621061405783
0.8861502374337692
0.8644766037714829
0.8856525324794259
0.8847316226787012
0.8962584153585393
0.8696791605136158
0.8971644169463459
0.8944030391129253
0.8860883519675072
0.8676577870510868
0.8923319443029165
0.8699808470420631
0.8658687195876552
0.8969526711749538
0.8944690611987055
0.9036641520388701
0.893333538662566
0.8967593149299363
0.9007011856780239
0.9012438200542658
0.900496894013091
0.8987568106778191
0.8989260025117882
0.8994514351038939
0.8927431898136604
0.8835760723510317
0.9061151605385174
0.8982128656894525
0.9013608740996505
0.9065835405465711
0.9031761538055754
0.8725351072031571
0.8785515950313383
0.9069692700775128
0.9008374483823606
0.9114622941806528
0.911272624032236
0.8980937638126231
0.9077276639747787
0.913788098265765
0.8784670195926684
0.9098197285787821
0.8847578758778234
0.9064677971133113
0.9103778445607468
0.9115502280628922
0.9110954866122609
0.9072207028223048
0.9126360702081809
0.9098093665516713
0.9129349307292344
0.9031637439470198
0.9019610934961201
0.9185339476390798
0.8683827603391734
0.9006335662837165
0.919076131492404
0.9136570370532985
0.9141959443763108
0.9021249200117039
0.9165685618882513
0.9136748531868681
0.916320037064111
0.9119811327555063
0.9173097949580096
0.916837442156953
0.9220886553742141
0.9277323969228141
0.9209116028163745
0.9225824694488122
0.9181612832727556
0.9249718791786
0.9200163318653384
0.9231348515027314
0.925009313537411
0.9261941068981118
0.9199788565498989
0.9170034803304971
0.9266104719874678
0.9093372594903881
0.9168140559218535
0.9265272071609226
0.9176990467590364
0.9059870482033309
0.9174952875302794
0.9048107738214402
0.9183208912555633
0.923230690014348
0.9284111301768768
0.9068994390252452
0.9221448888256883
0.9209803689962908
0.9259797399024708
0.9204550183174428
0.9100339317479078
0.8641841734411659
0.9297964471926524
0.929996929891098
0.9365999166450689
0.9248217321770676
0.9315011440005584
0.9214349875770355
0.9292975135394425
0.9240761167480175
0.9236922302653761
0.9287537323775913
0.9268849223576994
0.9221611895639888
0.9247996975107216
0.9284576978639315
0.9059908571698182
0.9230860312010877
0.9156068592851464
0.9176017747654087
0.9179461790577943
0.9284781352217508
0.9338600410418189
0.9229411266480538
0.9186297861506962
0.8668495489364545
0.9272132306949293
0.9297640095425669
0.9255459682458342
0.9224985902728337
0.9316969985999388
0.8555790218836181
0.9298172941167605
0.9301192673416101
0.9230066982109163
0.9281457721782606
0.9276378280666933
0.9219262213840129
0.9335232137257786
0.930123649700902
0.924813254154886
0.9306649325083904
0.9365573217510171
0.9295891247371812
0.9258568700157833
0.9212617410368058
0.9105329473143758
0.931924225977053
0.9248037522169823
0.9180708919927825
0.9327566694593628
0.9238572445231975
0.9259379231843683
0.9264800251244345
0.9332379098488895
0.9284445917426849
0.9324239787628411
0.9313003336490818
0.9225180856281879
0.932941220029168
0.9331515732751771
0.929396464754855
0.9271159996579303
0.9359341256857371
0.9308354759111132
0.9282326411881486
0.9276616238680816
0.9294154276740338
0.9324463820388473
0.929657030827891
0.9155147887833883
0.9319308199943055
0.9252756544951212
0.9271945135155236
0.9271681784031436
0.9364148336390884
0.9261846049602084
0.9242434655336864
0.9217206191069554
0.9357462985856204
0.9241178105962338
0.9304335275551286
0.9298532130803023
0.93605457913132
0.929072129210628
0.9376475462555977
0.9291960230130385
0.9212001013103175
0.9188500099442695
0.9324397880215951
0.9312142837717712
0.932679752910296
0.9258587540207124
0.9224592719090933
0.9296709560817152
0.9228125637899496
0.9224417834285548
0.9321250363285299
0.9275984277896955
0.9372538301820211
0.9296173848111192
0.9313270373711219
0.9237263880938752
0.9263412231091064
0.9290149128000605
0.9382664828314726
0.931578797768945
0.9265522316611778
0.9302081432263145
0.9358320617665282
0.9312145704681737
0.9353572515677379
0.9292471368859007
0.9327422117693625
0.9301829139429143
0.9316381439242153
0.9338073298604298
0.9272867888004264
0.9388772690381975
0.9472597394044383
0.9338991955790433
0.9319285264230873
0.9254264977593449
0.9328087253346894
0.9269655250033667
0.9318790917720096
0.9259751527600346
0.9346725386458559
0.9353275989684174
0.9371434520671468
0.9317714577512715
0.9282281359589698
0.9283728766854882
0.9295952682315155
0.928713676794531
0.9394975571828262
0.9333643429622913
0.9284529878516085
0.9339288481783639
0.9301656302455202
0.9322257077223562
0.9256327962990937
0.9310634405075481
0.9278571098578019
0.9385339705747916
0.937387184965706
0.9259307557743114
0.9278084943393025
0.9386490996586182
0.9239047542127169
0.9333256799046138
0.9263805824294753
0.9359004183801551
0.9263670667419395
0.9246366901277159
0.9247966257635545
0.9237478493674169
0.9297056873030192
0.9337635062675111
0.9349124216212991
0.9382205704504805
0.9285189280241309
0.940997266063108
0.9447762113414475
0.9299962336284067
0.9236846532890303
0.91510370709916
0.9207488411731422
0.9301214789995707
0.9412729860888355
0.9297326777214614
0.9309942647613427
0.9264393551919405
0.924246332497709
0.9262567705403227
0.9347669436754612
0.9316372838350084
0.9317087121958029
0.926839050933336
0.932952933625032
0.9251762937134196
0.9289524539409942
0.9314473269901891
0.9298651314593112
0.932114797171306
0.9274382873707121
0.9224893750313317
0.9266561386286871
0.9234771670070436
0.9218653598334735
0.9247311361139499
0.9361957975877527
0.9389822408780576
0.9261185419177991
0.9365303313325747
0.9211235943275397
0.9232722609926771
0.9164532280212802
0.9385413018113642
0.9324764851610859
0.9399649132751573
0.928642535130139
0.928440004600249
0.9161408518126913
0.9248299644594757
0.9308133183748801
0.9394545936791143
0.9159270582098549
0.9277868692392451
0.9362218460037306
0.9393930768225127
0.9314663308659967
0.9278105012141183
0.9278192249760733
0.917647605233143
0.9366350983892908
0.9249210520021404
0.9251571669677251
0.926270531967632
0.9259391109266062
0.9296205794281736
0.9318770029839362
0.9331919565112687
0.9377327770003301
0.9357614525383113
0.9293951541427308
0.9246717899586795
0.9338955913957003
0.9275623449996381
0.9264617584679469
0.9213232988500362
0.9289956631844796
0.9347442946596816
0.9347261918297096
0.9309296761575736
0.9304876722185287
0.9377050493625675
0.9321854473561513
0.9232137749266136
0.9330386558493108
0.9362985577696525
0.9282988680570732
0.9330606905156572
0.9328332583553982
0.9313263820650592
0.9256280453301414
0.9347177547641575
0.9259955491612246
0.937924003500645
0.9191740178354653
0.9316050919246961
0.9239341610722641
0.9332053902855466
0.9310479998584541
0.9275646795274848
0.9392867943705279
0.9231975151449422
0.9247847073845458
0.9381391896288641
0.940065093189437
0.9306967558090424
0.9295955549279179
0.9415908095290677
0.9260403557132367
0.9287262504796021
0.9279432006917412
0.9288682471119841
0.9346153222352884
0.9406251750895886
0.9316920428478421
0.9401711708582774
0.9470372629962756
0.9375142324285414
0.9319032561830582
0.9296111594035271
0.9248308655053116
0.927137297104956
0.917832360586093
0.9234397736048614
0.9212726355000919
0.9286815258408475
0.9172860401132503
0.9225705101131746
0.938923140462561
0.9376017157878631
0.9185083907026488
0.9306852469963228
0.9345699832471002
0.9290198275955285
0.9307164559475414
0.9427057718375014
0.9170819941880906
0.9279694538908632
0.9289967280568309
0.934347343012422
0.935536641602302
0.9296464640176356
0.9167834203634395
0.9289785433136009
0.9318605793757487
0.9329175061410371
0.9214412129846277
0.9315469744682927
0.9241636001073391
0.9353219469536292
0.9252010315172726
0.9225720255084441
0.9213530333626144
0.9293993726755065
0.9276215273283926
0.9354311782828951
0.9304009260785276
0.9395114005233929
0.941707904531081
0.9325118716884517
0.9095783711646988
0.9269686786637914
0.9295715543433849
0.9343310832307506
0.9264825644354261
0.9171362617213774
0.9207492097828023
0.9281415536454843
0.9253092798874446
0.944850097099976
0.9297006905942938
0.9372378570967517
0.9114163817996607
0.9277986647483674
0.9248288176738665
0.926110637288422
0.9142409147548385
0.9264529937493634
0.9233048624692787
0.9172506945425125
0.9383271395988676
0.9303824546388952
0.9309254166681685
0.9288791415752709
0.9249589368838687
0.9204991286067635
0.9263414278922504
0.9235489230208693
0.9352185314656676
0.9314499072578092
0.9204573528452902
0.9222704208932544
0.9284569196879822
0.9104248218140903
0.916562336480659
0.924770331607803
0.9302244030079858
0.9182845217691038
0.9269918191591178
0.9322418855907699
0.9267410417203884
0.9315498823889443
0.9307047013950484
0.9228514725874006
0.9265742663275236
0.9316202458773875
0.9380669830921209
0.9257994488220708
0.9284620802232236
0.9322388957568605
0.9300886317831962
0.9388509339258173
0.9333387860258604
0.9198303478135224
0.9323574242408851
0.9238426639633106
0.9236970221909568
0.9232652164525069
0.9246856332992464
0.9292296074487328
0.9316634960775017
0.9285414132133949
0.9192809965501413
0.9245006731631523
0.9329797192603301
0.9251758841471305
0.9329231581558245
0.930094160928097
0.9335941506070261
0.9261145281681675
0.928938037207623
0.9344329014101863
0.9215255426835245
0.9256122360713875
0.9291991357168341
0.9186959720629922
0.9220522858877548
0.926819350794837
0.9284408237328267
0.9306544066547644
0.9308638588549378
0.9354140993686455
0.9318054107966263
0.9330934558187739
0.9266186223566181
0.9251912019263377
0.9240507645947313
0.9328198245811201
0.930405103654675
0.9399336633673098
0.9365011702128008
0.9329816442218881
0.9249811353767305
0.9366890382695466
0.9219179071883471
0.9392835587968453
0.921129778778503
0.9256323457761756
0.9292459901002911
0.9153678363989095
0.9266710058849763
0.9319020274841915
0.9298079150487432
0.9184824651565574
0.9301753779231977
0.9293383063418224
0.9362147605069319
0.9375713259692221
0.9444764907311871
0.9109856409335624
0.9333230586803645
0.9334000980993176
0.9082947085018425
0.9296918439624522
0.9290867916837727
0.9294901325651399
0.9253787832866809
0.9341922812154222
0.920255354751575
0.9175589750882126
0.9196325272959551
0.921659307033498
0.9273865591484163
0.9293279852713412
0.9219865914550053
0.9272041383233144
0.9118078862152763
0.9305303490258385
0.9073459481934686
0.9279567573359053
0.9316408880183513
0.9252407594473021
0.9219393275052598
0.9281115324365034
0.9240007975074779
0.9183557453467538
0.9316580078892296
0.9209877002328629
0.9319429021998296
0.9354735274371732
0.9140707399617759
0.9037973839526683
0.9283723442493125
0.9337006787987845
0.9100424916833472
0.9320358327907948
0.9237070975216654
0.9187700216480358
0.9243920971399496
0.9345225964274683
0.9288980635378205
0.9347255774802758
0.9224027517612174
0.9310563140541195
0.9126207933856025
0.9342002268014286
0.915798208655348
0.9344334338463616
0.9273800880010512
0.9415440780154974
0.926861126556311
0.9427622510287487
0.9341179449339767
0.9213517637071187
0.9400154127985861
0.9156587513339574
0.9241688015992089
0.9316590318049521
0.9295385433004943
0.9424026518270423
0.9236302219292276
0.9268548192354604
0.9189758287082376
0.9218526223218872
0.9309676429525602
0.9151202945338627
0.9338183881502317
0.9243847659033768
0.9324098077692433
0.9250295461120854
0.9241297699318715
0.9218179320572124
0.9199963040738084
0.9182120694925866
0.9318032810519234
0.9174173061088612
0.9159744450294867
0.9119060182981112
0.9310745807106071
0.9313964998137287
0.928407525993534
0.9291295094477112
0.9222771377803931
0.9198042174842864
0.925251408170815
0.9176381032952392
0.919341735230794
0.9248338553392208
0.9319415096744472
0.9108660066205571
0.9194627211125521
0.9211016825310797
0.9253267274113542
0.9382295399522086
0.9287083114761457
0.9317761268069656
0.9263333184797296
0.9243053100433188
0.9255662417771379
0.9285980971877866
0.9239947359264011
0.9296571536977773
0.9404703590323622
0.933056431026252
0.9298948659718894
0.9212630516489303
0.9116036355069728
0.9122994476752856
0.9294818183694743
0.9162191608871403
0.9223337807981563
0.9263720224940362
0.9204870054446104
0.9284412742557443
0.9286090326077022
0.9378329569146091
0.9262020115274893
0.9326809816091629
0.9324674337461
0.9229933463498965
0.9205136272533927
0.9191576351839069
0.933368070015521
0.9168546848977185
0.9379745030240735
0.9312506532582315
0.927681569746354
0.9279539313285116
0.9364432165829129
0.9315557801435053
0.9217135336101566
0.924911099541319
0.9287438208733984
0.9186383870427641
0.9113545372900277
0.9405571051723637
0.9064264309181264
0.9097625940814723
0.9305809714191539
0.9203934195475835
0.9220259917320037
0.9235979890622867
0.9186215948249167
0.928357272209879
0.9302665883357486
0.91993429573766
0.9257042656165165
0.910510421168483
0.9283377768545241
0.9341166752784806
0.917346000617954
0.9345849733732764
0.9363086740569899
0.9331470680459987
0.9310340746046293
0.9364283493266241
0.924822305569872
0.9188975605904177
0.9233938612238693
0.9310884240511746
0.9152673697882281
0.9352681708998896
0.9205551163184643
0.9392624251763348
0.9177482356703403
0.9191000092070503
0.9265013635280891
0.9213123634301209
0.9280340834512615
0.9405446543571796
0.9332242303348383
0.916817045755763
0.9318459169026048
0.9166591579513691
0.9211412875912226
0.9302098634047276
0.9164981574431792
0.928239562858432
0.9134164578151636
0.9184469557593051
0.9118498258032661
0.9272455454751282
0.9190714624367103
0.9201940426781176
0.924292326791959
0.9280757363428483
0.9352240606105684
0.912384350766987
0.9340702304613127
0.9308817978583944
0.9207034612283254
0.887072621673134
0.9388861566266677
0.9270550152375041
0.9322569576302041
0.9166404817285924
0.9294044103408606
0.9235594898311245
0.9379382973641291
0.9202597371108665
0.9118020294173447
0.9344201638985995
0.9301667770311293
0.9239552537361457
0.9179870947300616
0.9274667522277952
0.9247008282085671
0.928578765658948
0.9155662303092815
0.9325791224730988
0.9194152523796618
0.9192458557625487
0.9317007256531683
0.913120177561731
0.9207426157655498
0.9157608971664242
0.9370610063731795
0.9266942282935599
0.9208982509553543
0.9243189895573705
0.9094786417733371
0.9153809015635276
0.9349302787114983
0.9206516920494008
0.9228451243099215
0.9172132601837021
0.9295102832265564
0.910238346282727
0.9125627578424573
0.9289780518340544
0.9317585154565405
0.9039526095761844
0.9195284565019302
0.9235463837098778
0.9274823157467754
0.9141633019430808
0.9162668753598044
0.917145190266477
0.9244731093519054
0.9151389707566399
0.9243195219935462
0.9159383212828008
0.9266825146976959
0.924031023499603
0.9284500389743283
0.910266893053068
0.9311374900925911
0.9270455952128578
0.9169185772387959
0.917722883517054
0.9251583956665925
0.9382177853997152
0.9204878245771879
0.9077836516864798
0.9091963277303574
0.9082641548566858
0.9155086043324252
0.9170101562610069
0.9224013592358349
0.9247158183347427
0.9236571713910408
0.9040165428738911
0.9180820321958417
0.9277022528439466
0.9137749921445182
0.9242821695479927
0.9159110851245854
0.9123975797581201
0.9210155097838831
0.9239025835113854
0.9292546729056177
0.9290810987123569
0.9235335233284047
0.9280145880959071
0.9187824724632203
0.9160945708220388
0.9294044512974897
0.91440482318368
0.9181023876404035
0.922035370800021
0.9115337225414475
0.9265707031008098
0.9252989588169633
0.9161942592567718
0.9242658278530632
0.9247070945727882
0.9056398588601807
0.9317946392032266
0.9329492884850603
0.901528673408237
0.93439157617163
0.9244430062296672
0.9327208733657074
0.9285892505559457
0.9170234262087698
0.9181127087108849
0.9326863059709197
0.9136749351001257
0.9237880687769927
0.9140211824408125
0.9162244033356395
0.9266452032087715
0.9278863938474623
0.9130320388963463
0.9308270798021894
0.9272014351858076
0.9174454433129127
0.9206816313451243
0.9169131709637817
0.9343022907206371
0.9361338711648626
0.9239589807893754
0.9196178648228104
0.912028191922108
0.9243850525997791
0.9019991831609934
0.9240678025523521
0.9238256260056901
0.9212853320550497
0.9146576074972258
0.9179217689069729
0.9125307297586605
0.901725060443793
0.9341426008245716
0.9239597180086954
0.9324924172897266
0.9244763449255883
0.9369373173539137
0.9267088907667052
0.9043350216201855
0.9204745136727971
0.9292399694758439
0.9175161344543872
0.9257365803967159
0.9117217544247088
0.9226751952566327
0.9237537880786068
0.9241413606578489
0.9329284415609524
0.9283297903118897
0.9222716086354927
0.9165121646102619
0.9260482603426144
0.9277169153170917
0.9236203104250351
0.9367808220749028
0.9165506228847952
0.9282821987091132
0.9220953722613532
0.9212064086311672
0.9268467098229396
0.9170036851136417
0.9253825512965396
0.9243906227013095
0.9172324278860255
0.9347397894305028
0.9192990174668554
0.9307262445818474
0.9192510982110474
0.9236328841101058
0.9256307484676486
0.9201247440620255
0.9404624544029855
0.9116439777864351
0.9098583916364603
0.925372967445378
0.9273379845865466
0.9294759615715421
0.9252206087858855
0.9195375488735457
0.9238214074729142
0.9176988829325209
0.9323198260555593
0.9311820918614595
0.9270945383843888
0.9529849436879124
0.9590240805318726
0.955565211308355
0.9569516751097397
0.9611626309096734
0.9508783394806508
0.9622988087518751
0.9342386441193332
0.9613118359087408
0.9506753993844713
