0.03687849544349306
0.03829100766085561
0.037772128129373056
0.0418714361589366
0.03635207989229386
0.035026395728190884
0.039009386931689954
0.03755149476951081
0.03920036769223165
0.03628249457979971
0.031811013663459065
0.030503637112472476
0.029415583309223503
0.03569636426367026
0.03096800337089438
0.03279155631585623
0.03460372331798493
0.03677315499397288
0.032982905686057926
0.037757383742970635
0.03472462728648571
0.040684103487243974
0.029320973496473945
0.03489406486022812
0.03513828923833449
0.03585797912129357
0.031507525043340305
0.03238190811363923
0.037327666792594666
0.031983809680770914
0.028593911420313624
0.03322242005184126
0.02799393776361734
0.031173605647951873
0.03215164994598639
0.03470455853832672
0.028480871124560908
0.026570080560050807
0.02717918754499086
0.027700483517578096
0.028794803685048113
0.028155347838096156
0.023327093727443134
0.02449972296936215
0.027661738546642545
0.030201008581560534
0.025370747596091623
0.02820326709390438
0.028028914724694442
0.023968515492582096
0.023044288204916833
0.025247304316599342
0.025147493011979976
0.02396761444674638
0.027129384284253415
0.024553785719504756
0.024802720109934145
0.02741104302117064
0.02548087997119274
0.02481861128194577
0.02527912761725145
0.020868467294821225
0.025450285369407487
0.026874920748923094
0.02402577285977859
0.02478924537902739
0.023471015321383393
0.023215405000443973
0.02378953502430694
0.020709105051787205
0.02243739287793713
0.024585445193641302
0.02537345073359875
0.02366203703855395
0.02104245105437107
0.019946574535003002
0.026751395556173
0.02186150171903163
0.022392873022327252
0.022142382279999834
0.020793885273601743
0.021223807007122196
0.020328740839230818
0.024781422662908267
0.023442345681156246
0.022673958366439935
0.025689021559241795
0.0198142436670403
0.0206358745993213
0.022125057625976857
0.02266814252513671
0.02246225355167694
0.019163074224224114
0.021524756316249394
0.020211482010701803
0.022609205936155504
0.019281643664877786
0.02018555646461069
0.01721112224767358
0.022527743201281515
0.018818588018580547
0.02089701406516167
0.02161256732860225
0.017784842705247595
0.01934733809762685
0.025847728496213473
0.023259720072909353
0.019948540453190014
0.021614041767242492
0.01999023430140605
0.017657508546010184
0.019670322073100047
0.0180636344781421
0.019244864612129254
0.018369744322510193
0.020528404405098413
0.019788154294433605
0.01906223900388236
0.021374199748428004
0.019054047678103175
0.018969144586401945
0.01921156687283688
0.019100656321786723
0.017701823618475568
0.019763129794178193
0.019053023762380782
0.017209811635548914
0.019015712273456598
0.017726110899410844
0.016254703049696118
0.017638996149749227
0.019063549616007036
0.01908234870867025
0.01638003033411762
0.01587831163014264
0.017310564942632875
0.017843246858053174
0.019181095140938315
0.015623151832121075
0.017368969095438443
0.017465708652890603
0.014897932804261063
0.01742385097815898
0.0182191467980599
0.015945234761758565
0.01578275981492846
0.017828051948732788
0.0187789010451804
0.018450879404353
0.017991264114883016
0.018434742492568018
0.019307036774793264
0.01841921993021646
0.019287254723036537
0.017105781798153284
0.017209320156002163
0.020130265015601202
0.018423028896703778
0.01709726281934293
0.016675081888683815
0.015742990928270525
0.014715552935787544
0.01670526692418011
0.019049337665780146
0.018805236157560475
0.018682980620306162
0.016448919383920554
0.01626576133949801
0.015370326561946573
0.016411321198594106
0.016774442670385307
0.016899688041549028
0.01718916949458537
0.016266867168478208
0.01520989944656126
0.019971271382227245
0.01613474108365998
0.02169837146613919
0.018041804594940574
0.015468704384554563
0.014378397966716349
0.016852546961689828
0.0159900413137707
0.017810563468194228
0.014884908596272166
0.014394944444790298
0.013347151007746048
0.01583162107320129
0.015275102399763568
0.019373427470233538
0.014031290536823449
0.01407814492028038
0.015507490312119003
0.014159361915380983
0.01801964705870789
0.015486602431382078
0.016512484071967017
0.01577575623138726
0.01680180169848778
0.016169472304963718
0.015840058138753856
0.015965221596659775
0.016076459800741086
0.014956869393242285
0.015182171808798727
0.014620410686862324
0.01638154572938678
0.01476924707627009
0.015715795726683638
0.014162024096259218
0.014585024159496252
0.015758185837590914
0.013924967128209651
0.011652611443806358
0.013626106607156139
0.014843992924005137
0.014211049181047628
0.015455065827132224
0.013886140244016318
0.013316228752929628
0.014568846291082363
0.013961664267700393
0.014584164070289443
0.014415504672496051
0.01460271742317929
0.0145072884778518
0.015229108105513447
0.01583665873855549
0.014535753334934464
0.01592672236549761
0.018243352165737393
0.012394745559400382
0.013140442901708353
0.01556630403121354
0.01465862322162222
0.014595509056493604
0.01765247088065599
0.012708309510227524
0.014187744859205856
0.014305658993797203
0.01345453928871114
0.01325753790372178
0.014798367239415085
0.012711422214023608
0.015369630299255343
0.014438276558162178
0.012481737439175312
0.01365588207636347
0.012971414894254896
0.013122667724767521
0.014917510072873305
0.013273019509444433
0.013486034936332094
0.013684101193672762
0.013165016879045904
0.012655188762549521
0.013029860003689372
0.0132452918716819
0.01295253388833388
0.012688691284986384
0.013478212220212981
0.014143388830111575
0.01742393289141677
0.011875538374886835
0.01888190696685364
0.012880655004621547
0.013451262758399467
0.013874385691523189
0.012563036347533706
0.012854975198303805
0.013125944255079191
0.012240093328689403
0.012058450679536004
0.013305743855932273
0.01391501466738794
0.01322542790666738
0.01361652275599449
0.011690783021937354
0.014509172482781017
0.01402207529532187
0.01225885146472373
0.013108906297458494
0.012068648880131089
0.011414653429921076
0.012384793098578671
0.011827782945594193
0.012700404880850613
0.013472273509023072
0.0127767480371126
0.012870292977510876
0.011205815579180793
0.013123978336892191
0.012128035992030169
0.013035798714879279
0.011662113381710209
0.01333285714426137
0.013617382845201309
0.012941147945500815
0.012953107281138422
0.01227949360568727
0.012364765307048572
0.013924066082373935
0.01146666834861889
0.01171658569814178
0.01209842434933842
0.01164122550097329
0.014291365130312525
0.013661165481491041
0.012013029778090432
0.014221697904560569
0.01379992654019041
0.013667964281887771
0.013000330274255416
0.01251687822676801
0.01279616147920927
0.013421733028965512
0.012532441745748456
0.012036579839705587
0.01322587842958523
0.014344076311701572
0.011820124055990661
0.01366722706256764
0.014072492905492742
0.013284200669133025
0.01179456711955961
0.010927023806286287
0.012562831564389226
0.011891429546898454
0.013035184365445845
0.012910307603942192
0.011182142647678953
0.011347443601902873
0.014436064900201797
0.013382046055565365
0.010553581264013309
0.0110241729300274
0.012815820661079311
0.012134056616477866
0.011618085005647101
0.013232882013126437
0.01170982785437395
0.00982787075660655
0.010643931587357703
0.011562015380688585
0.011213802121815497
0.01417402438852572
0.01241485526418828
0.011830199386699056
0.01117776028838709
0.012747136394420855
0.012529042345550098
0.01174496864196665
0.012090314936817023
0.012383277703309527
0.011333026868531515
0.013709125693928164
0.010617514561719839
0.010931242339062562
0.012269582101494462
0.011085034480566735
0.011978790036333443
0.011351293525019096
0.01138745822833419
0.013540466296134777
0.01391313066245873
0.011032487125693272
0.015041485788541248
0.010478180110215927
0.013191884427601622
0.011647164212163203
0.012142903248319382
0.012925051990344725
0.011898105477408485
0.010575902626761585
0.013141180121028474
0.010022660483635534
0.013493734782564534
0.011023640493851754
0.010822993968890655
0.01085887197580348
0.012138602802285316
0.01154395350734549
0.011012909857081025
0.012374185331694631
0.012105100279848449
0.01213794749622298
0.011622057798650009
0.011445575684737494
0.011532854260914696
0.011432838173150868
0.012572497328808665
0.013347314834261628
0.011351211611761301
0.012022490759365389
0.01079313658642553
0.012115667090103597
0.010887582572659517
0.010572912792852182
0.016600336040948762
0.013132824968733709
0.011831387128937042
0.00949104344056652
0.011771877147151269
0.010892825021158192
0.011036746615098448
0.011849080392620073
0.012291371028067084
0.01133806453388571
0.011839906107747385
0.012451716230194605
0.011058781281444456
0.0098915583145397
0.011500252784313547
0.010176739321541978
0.011541905675900693
0.009585898993089469
0.010257178140693555
0.011477358028760728
0.009588847870369975
0.014432255933714482
0.009856909006493756
0.01160411879519359
0.00964958655102262
0.012958759295926063
0.01111505568954744
0.010428335892849597
0.01268516901490133
0.011728094510861533
0.010615220990501665
0.01219209215962338
0.01267210385028353
0.012295507647585574
0.010441319144209604
0.01155497084051849
0.012529943391385806
0.011254103444649081
0.013548084229109414
0.011053579789574667
0.012979401436889604
0.011865667827322917
0.00993710208587196
0.009378207927958272
0.01013398060097464
0.011406871670430852
0.010766678604158768
0.011026015978327714
0.01220032444203146
0.010106949225903335
0.013175460819414356
0.010922313793963254
0.009939395657090134
0.010576967499112876
0.010268031647350975
0.00982905849884453
0.010209217928256437
0.011011599244956356
0.010489934662709052
0.01420244828897949
0.010042319665505577
0.010796167376963827
0.010086266128310895
0.009957949009979986
0.010612149243334468
0.009254805605094871
0.012305419151778386
0.010647535770700541
0.01149329015740124
0.010913139509090572
0.011489685974058396
0.009285236380364539
0.00983127015680491
0.010085610822248557
0.010656751012202127
0.010730800597245942
0.011588719102728729
0.009704263650598666
0.009299038764302464
0.01024648846055172
0.011219167440200866
0.009955942135164084
0.01061427898803706
0.011633894264400924
0.010474575926873087
0.01092137179149865
0.009832785552074058
0.009501569294192777
0.010031384245590365
0.010344866283159714
0.01077855602653858
0.009502019817110631
0.010949713778694622
0.010397495551290967
0.010557185447356149
0.01054674150698769
0.013345144132930146
0.010178500456584501
0.008907083825768535
0.013144620477855733
0.008854495514266179
0.009658105529832973
0.011473671932160095
0.013105097330971177
0.009190503697728279
0.009465527460764369
0.00920209442370583
0.01127368071326133
0.009754599347511751
0.00958786491127647
0.011608296371340974
0.00995037203363424
0.00974177992266733
0.008789005864661602
0.00993288355309568
0.008569150680748322
0.008997720845515199
0.01007373339986874
0.012200979748093798
0.010368784954434933
0.010733995214299826
0.008410484700405537
0.009437185473568392
0.009552601253797087
0.009292158050647946
0.010301329386643352
0.00950238842677069
0.00936919746960117
0.009457827614531936
0.008885704465484867
0.012128732254721395
0.008712867491544093
0.009762626846775355
0.00973981400448033
0.009606909743713074
0.011548335866637352
0.010580039246280069
0.010886763440081602
0.009778067495869115
0.010695536939766558
0.010497675465570382
0.009541297224221814
0.008563334839445099
0.009228306666199216
0.013845634138038257
0.00829424978759892
0.010155441874516093
0.010130048764600625
0.011001073391330104
0.00813484658793601
0.010075207838508996
0.009147908803676531
0.012066478178799606
0.008901390854352
0.00878634368378337
0.010367105732650197
0.009864117373179437
0.008810958617749814
0.012930376352101187
0.009014717846507004
0.00882754605245266
0.009065258326564567
0.009957826140093296
0.00889369100811957
0.009469991733314021
0.008625875611769163
0.013045341609412033
0.009867107207088836
0.0094431241847583
0.008818576550724455
0.008610967398851048
0.009419205513483086
0.008664579626075806
0.010283718036218109
0.009332418416852636
0.00908119045520508
0.009720113865981391
0.012980056742951935
0.010017172295363476
0.008697836408739293
0.010778392200023003
0.00931910751246146
0.009095074752400794
0.008664579626075806
0.008435099634371982
0.007930309183229798
0.008632387715763615
0.010522167529650142
0.00832017533369004
0.008693535962705218
0.008866209110130405
0.00799833814382592
0.008865881457099241
0.008584058893666435
0.010409823496588639
0.008892503265881589
0.008850399851376586
0.008909541223502288
0.008214507231138573
0.00894603357984855
0.009707417311023654
0.009294533535123915
0.008735844160354705
0.009051374029368854
0.00992829641065934
0.01060100904027478
0.00808057905464892
0.009021107080614762
0.011029251552010497
0.01008176089913234
0.009805467480600488
0.008912408187525004
0.008774220521630178
0.008845075489620114
0.007937189896884312
0.010917112302093473
0.008765005280128593
0.009022130996337167
0.010300715037209921
0.009222531781524889
0.011841380546387637
0.009279338625803529
0.010295063022422278
0.011742224547830625
0.008917609679394787
0.008738055818315082
0.008648033148001858
0.0094240383956928
0.009640494179407726
0.007581399661665477
0.008597369798057605
0.008371084423407662
0.009040069999793576
0.008870755295937855
0.008687146728597458
0.008427604571284029
0.008548590453042569
0.008209019042866516
0.008368545112416114
0.011741610198397189
0.009472858697336736
0.010095809022843643
0.008581560539303782
0.007962337267026406
0.008551703156838661
0.009014390193475838
0.008750424720241649
0.008235558938391072
0.008458240129698175
0.010508324189083327
0.009238218170392032
0.011646304122956391
0.008486008724089607
0.00878871916825933
0.008735270767550164
0.009431369632265171
0.008890455434436789
0.008207995127144124
0.01027102148126038
0.009550307682578916
0.010258406839560433
0.008995304404410343
0.00831800463235855
0.008567020936045729
0.007745922439940382
0.009323653698268913
0.008042161736744553
0.010233177556160548
0.007600075884442018
0.010510904456703767
0.00826787371858995
0.008471141467800388
0.008390538822133224
0.008273771473150962
0.008674532086897512
0.009808457314509883
0.00839528979108515
0.008755134732564682
0.010705120790928205
0.007957750124590064
0.009578895409548267
0.00828286384476586
0.009622186566291251
0.008159338652015768
0.00874550992477414
0.007474748600020508
0.008465284669868274
0.009341183135436365
0.008857157695144408
0.00857152616522428
0.007796053353708982
0.00934261661744772
0.008677030441260168
0.008495264922220089
0.008386893682161486
0.008346920012359071
0.008040605384846505
0.00955964579396719
0.00829236578266971
0.009352569078269425
0.008402334331255248
0.008840734086957147
0.010076108884344705
0.00831997055054556
0.007823699078213724
0.007976467303995496
0.008441980348026496
0.009869482691564797
0.008585533332306683
0.0084499668906612
0.007995430223174312
0.00805149984813282
0.00997953315340813
0.007891850908696537
0.010373822619789128
0.008191120996039001
0.009735964081364117
0.008485353418027272
0.008120184114791273
0.009584752207480382
0.008041178777651049
0.010944471330195943
0.00871188453245059
0.0076149840973601295
0.008475564783721148
0.009374439918099846
0.00842092864077399
0.007859208475466487
0.009947996549158273
0.006940592245959957
0.00932164682345301
0.00889459205395528
0.008850727504407754
0.007108678250948799
0.007313174699026116
0.00755027262370458
0.00995524587247285
0.008827914662112725
0.008683952111543578
0.0076864534147835055
0.008286795681139866
0.008262016920657835
0.007497684312202224
0.006997153350465217
0.008805757125880035
0.008157782300117723
0.008007717211843084
0.010495136154578838
0.0082102067851045
0.00910191450942641
0.008031676839747197
0.00927409617730485
0.008212049833404818
0.008682969152450072
0.008291218997060621
0.008829716753784142
0.008296625272074889
0.008397419535787737
0.008447919059216403
0.009121041255120805
0.009661218233629061
0.00842559769646813
0.007992768042296075
0.007599789188039747
0.009003249990416148
0.008672484255452717
0.008006365643089519
0.008513408708820974
0.0075881984620622
0.00766073265183687
0.009407778614021128
0.009710939581108712
0.007544292955885781
0.009658392226235242
0.009177848099399444
0.007573044509370713
0.00827889105176295
0.007706481206313614
0.010467490430074094
0.007924370472039895
0.0075821778376145
0.007959429346374796
0.008556454125790583
0.008094299525329052
0.00903052710526083
0.009685587427822129
0.0072845460154278684
0.007507718686281724
0.007938869118669046
0.008923343607440213
0.008618994898114653
0.009918876386013275
0.008762670752281532
0.007397709181067289
0.00825550481666338
0.008418798896071408
0.007690999600590956
0.007359783342709669
0.008195011875784112
0.008279874010856456
0.008822508387098464
0.008941692177185583
0.007925926823937937
0.007933708583428163
0.008476506786185759
0.009286506035860311
0.007884519672124161
0.009480271847166894
0.009358098223170377
0.0075998301446686435
0.008344257831480836
0.006930435001993768
0.007909585129008464
0.008210984961053517
0.007531063964752396
0.009311612449373506
0.008014884621899872
0.007561412826764273
0.007483636188490924
0.008179980792979307
0.007121456719164328
0.007705334420704529
0.006688913761394544
0.008793142484180094
0.008935302943077822
0.0074120440011808605
0.0069707772814562455
0.007440836511294694
0.009159622399540764
0.007745430960393629
0.0075787784374161385
0.007985232022579223
0.007990146818046736
0.006799496659413521
0.007281474268260677
0.007664173008664127
0.008379603402218013
0.007934159106346015
0.006806909809243681
0.00855489777389254
0.007752106890903664
0.00751185530580021
0.007334390232794202
0.0075126744383781285
0.0063845240954400855
0.006857736985703512
0.00733893641860165
0.007348602183021085
0.006664913176861537
0.007415934880925971
0.008721959863158988
0.006700340660856504
0.008339138252868849
0.00830018849878883
0.007016976358850842
0.007813992357165392
0.0077087338209028845
0.007159218731006359
0.007119572714235112
0.008294987006919047
0.00646631448334523
0.008140416689465853
0.008484247589047082
0.007601632236340064
0.007837173809120484
0.007807398339913153
0.008974989916477962
0.007810592956967034
0.0063588442891223465
0.008034379977254326
0.007948657752975173
0.00788497019504202
0.007215820792140521
0.007675354168352712
0.007496660396479825
0.0070500693149987415
0.009222613694782684
0.006892672990151733
0.008246043835388428
0.008044823917622786
0.007318908627071542
0.0070906982908634925
0.008376367828535236
0.008013655923032988
0.00829605187927034
0.008423508908394437
0.006891116638253684
0.007651845063366454
0.008571812861626553
0.007070138063157743
0.008064483099492826
0.0064299040402567564
0.008304857554482964
0.007971101985610135
0.007873993818497916
0.00817039694181767
0.006577757470571026
0.008605929733496855
0.007781595663708722
0.008661548835537509
0.007920070026005824
0.0098083754012521
0.007173471637862142
0.008774097651743492
0.007136160148937958
0.007254647676333848
0.007849706537562635
0.00799002394816005
0.007313051829139429
0.007383947753758258
0.008437270335703467
0.008796582841007346
0.009062923798717499
0.00728995229044213
0.008259231869892912
0.006010631030249254
0.006892591076893939
0.007763124224076663
0.007651230713933021
0.008337090421424054
0.007162085695029075
0.00762202863753023
0.007313993831604037
0.006358311852946699
0.007282293400838593
0.008558583870493174
0.007876410259602775
0.0073900912480926485
0.007619612196425367
0.007553139587727298
0.00833709042142405
0.008659746743866086
0.00726136456347278
0.007873338512435575
0.008277867136040552
0.008010174609576837
0.007226551428911257
0.00664177268153534
0.009066691808575923
0.007981218272947427
0.007118999321430573
0.008055964120682478
0.008954511602030006
0.00900365955670511
0.009417690118213935
0.0065780851236021945
0.006916837401200323
0.0067480141768913515
0.009377061142349194
0.0078038760698281055
0.006291921157506418
0.00693977311338204
0.00689418838542088
0.006449645135384592
0.007844914611981812
0.007236381019846272
0.009005420691747631
0.007021645414544973
0.007444276868121949
0.008526432916809873
0.007554491156480865
0.00672495559482295
0.007714877315237275
0.007467130667045872
0.007722331421696334
0.007771356506484744
0.007446775222484598
0.007100609795056305
0.006082755653734965
0.00841609575856428
0.006956770114373845
0.00747163589622442
0.008401842851708495
0.006404142320681232
0.006198089520705868
0.006884604534259233
0.007227821084407024
0.007806906860366401
0.006052242965207505
0.009301086595747257
0.007607775730674452
0.006388906454731948
0.007259562471801358
0.00620640371637174
0.005946820602429416
0.006975446337150382
0.006690756809694859
0.007740311381781639
0.006919458625449661
0.006790445244427521
0.00871315418794637
0.007708856690789575