0.4816145692886227
0.4671193630162952
0.4739694001557662
0.47524102156972664
0.4970489929747913
0.47054792433443016
0.4741594389138434
0.4808219766062289
0.46748383605683996
0.4847485705317383
0.6490544015433769
0.646668145474014
0.6525149909453085
0.6436482903556313
0.6522103964962096
0.6440436037377347
0.6445905385600108
0.6495289250457649
0.6436534508908722
0.6651718589296428
0.7316257914049401
0.7331290635119359
0.7312548881736587
0.7331510162650241
0.733877054425462
0.7285311085255646
0.735070940157778
0.7308569945239349
0.7317522245183419
0.731315790680827
0.7829347816471053
0.7806973619671502
0.783102171389403
0.7839120477691908
0.7798792123483252
0.782167582074627
0.7823815395039793
0.7814643157998551
0.7835096898469172
0.7811090989574407
0.8151350471115911
0.8103665487224972
0.8180190081352973
0.8136808000893838
0.8158201286431331
0.8141457397406102
0.8155489957598421
0.8196283169545043
0.8164769910573658
0.814699063796994
0.8386041784280452
0.8417827814400286
0.8399950245887218
0.8391816259388488
0.8395669459035017
0.8351038610960846
0.8422301916540875
0.8400093594088354
0.8426327134028766
0.8426764550825374
0.8612104764435491
0.8621737763551811
0.854995963314656
0.8602317768394523
0.8602085134742393
0.8602401319917471
0.8552443243122809
0.8569944010650035
0.8601686626743237
0.8608950284877928
0.8745824471684062
0.8716927522166548
0.871572175901185
0.872788423952878
0.8706971784814526
0.8728845082042682
0.8724134250587072
0.8759488012650029
0.8699051591918634
0.8705386763276255
0.8813608102073094
0.883600728241627
0.8823574897714914
0.8849455391514245
0.8830945862217313
0.8857963312034793
0.8820134950453947
0.8789303619353679
0.8831227643824118
0.8849616351065807
0.8925742027628359
0.8896376534276275
0.8939261401260612
0.8903889208714654
0.8908791307627206
0.8949018089396197
0.8906489545083256
0.8926621366450753
0.8936525908016654
0.8928144133913105
0.8989056061105979
0.9001981563619241
0.9021285241950465
0.8974206006600898
0.9002128188350689
0.900001073063677
0.8973911938005427
0.8997052433331618
0.8909594876686142
0.8934709481525118
0.9034020705705652
0.8975633754684209
0.9047627316957454
0.9048200300195707
0.9036151269540815
0.8968696520881819
0.9058326826690224
0.9083638432914187
0.9029972552505579
0.9087708702693865
0.9124139214530494
0.8994702341965571
0.910286388408422
0.9111444707404204
0.9048215863714689
0.9116537664207414
0.9123100963987982
0.9076446448880067
0.9109402609887454
0.9086176105640581
0.9140344933452029
0.9087517025670633
0.9044686221436439
0.9149798542533787
0.9158024681447532
0.9184533859500414
0.9128857418179304
0.908411803503856
0.9141975007282088
0.9107709053282607
0.9199734502748845
0.9162784660857816
0.9126516337271615
0.9178291250124098
0.9163316687467173
0.916779611396952
0.9128051801288922
0.9181262653550497
0.9129747405725211
0.9197650629470622
0.9202389721000168
0.9239043036897991
0.9193278099769693
0.9187520826445795
0.9233532322480046
0.9191367473031697
0.9218167443149743
0.9207542884047851
0.9161345854484702
0.9124267818345229
0.9275514095797228
0.92707557546521
0.9201338364336408
0.9275469862638017
0.919978733680012
0.9184593656178603
0.9246215361750243
0.9222360992382393
0.9241396404794351
0.9258900858418175
0.9269115441664819
0.9218555711991675
0.9197060444448231
0.9229709840305189
0.9164900480306578
0.9272433338171677
0.9163728711153867
0.9160651230058627
0.9231040111611728
0.9289917313481054
0.9205218595358007
0.9274205531504004
0.9266286567306978
0.9223550782451821
0.9255104998052103
0.9240134940624357
0.92690159170566
0.9259532000069463
0.9284000309304463
0.9319120209016423
0.9263702204023645
0.9256546261822951
0.9318624224240494
0.9279524159332425
0.9247718879597013
0.9207729646275619
0.924960943758685
0.9336871221546201
0.9300038925180102
0.9335605252147028
0.9303050466102819
0.9257408808427499
0.9274710117172001
0.9321458422960092
0.930867340168394
0.9275254021203737
0.9298923676175267
0.9277690940623048
0.9243697348205723
0.9344065662978058
0.9226686012393804
0.9278627209159607
0.9274678580567751
0.9319697287917565
0.9261431568517655
0.935150993984618
0.9314773891557987
0.9328062679369556
0.9327572838087962
0.9332163257054616
0.9255371216139929
0.9328280568635281
0.9192585523175064
0.9368393081409657
0.9364716404833668
0.933352383626654
0.9334997046207925
0.9304080525319555
0.9307957479810839
0.9331868778892854
0.9366919461901981
0.936935146652582
0.9351810561502276
0.9291114475743683
0.9244885909576284
0.9345253814782329
0.9242167208550175
0.9337107131728644
0.9261207945323884
0.9322471280392686
0.9353948907096933
0.9341407168196425
0.9360936107986577
0.9321697200106556
0.9318178206551815
0.930036698777756
0.9317000703471059
0.9266726851067609
0.9280836409722253
0.9289733008651023
0.9310824034267265
0.9309590420604921
0.931870408966684
0.9392292912635579
0.9220610506063386
0.9351987494139109
0.9326491992651399
0.9346694259420603
0.9373179273062434
0.9323535743177692
0.9416027279080763
0.9412762626191473
0.9344926980883739
0.936874940408105
0.9325665078313992
0.9307027764334902
0.9300770820138474
0.9351835545045905
0.9315990713002485
0.9326819645682568
0.9370641190769753
0.9397639800537941
0.9348950969672766
0.9282251051684317
0.9341470241404926
0.9333485337035378
0.9300433337516372
0.9391915292517161
0.9362897111378111
0.933562818785921
0.9330447993436453
0.9356641395880549
0.9337506458860377
0.934117371541172
0.9424995961676393
0.9437523365756785
0.9398432720873366
0.9357620668877451
0.9384550881075386
0.9349904030427173
0.9361269085379502
0.9360775558001306
0.9366818708594897
0.9386021224052749
0.935068425420764
0.93133526965353
0.9349208586868517
0.9352460952769145
0.932678237515027
0.9332124757823455
0.9369886360099202
0.9299620348432787
0.9347316800179816
0.9355808747615098
0.9426765697610985
0.9373657646487937
0.9359648431574088
0.9318317049523772
0.9360145235482596
0.9380346273552931
0.9368690836101726
0.9422966970280886
0.9440750748113782
0.9369159789502586
0.9465713813425842
0.9420149154212851
0.92796253222058
0.9351847422468283
0.9349207358169651
0.9319885278844198
0.93827623050915
0.9327975851316297
0.940153190898192
0.9424404957521422
0.9340536839832388
0.9392333459698187
0.9433533370969744
0.9419992699890468
0.9423417493198742
0.9416866889973129
0.9277440695620494
0.9420160622068939
0.9391324288362192
0.9380701777091744
0.9445346491442194
0.9380160740024032
0.9336967469624107
0.9423254485815735
0.9387256885546537
0.9368115395465741
0.9373978746458481
0.9424195669147764
0.9383268938590938
0.9347738653457446
0.9365804622463432
0.939116332881063
0.9364016865612127
0.9385372880617323
0.927620585325928
0.9385216426294944
0.9347954085325435
0.9325820303937506
0.937878746425715
0.9414951348439667
0.9490172293069912
0.9381740846766836
0.9380068997175303
0.9315832620414946
0.9329607563411509
0.9399801081844779
0.9453439111745738
0.9374452205088516
0.9337752608200043
0.9372702537902081
0.9461002981970236
0.9393228362039562
0.9308582068401503
0.9324733315006605
0.932148914043176
0.9303037769547863
0.93891056677749
0.9379306794311549
0.9374177386108625
0.938074764851611
0.9362607957578107
0.937289994885336
0.942369476957637
0.9419236230954761
0.9326538273642051
0.9410016484223999
0.9365765713665981
0.9438666874835562
0.9377849557455437
0.9378951700339023
0.9384022130996338
0.9419708051319641
0.9422523000423654
0.9430339982614732
0.9400079177354982
0.9441553088473856
0.9397090981710737
0.9331048008049779
0.9352334806352143
0.936429086545944
0.9361836334689708
0.9416425787079921
0.9429490132565137
0.9432136340358106
0.9450447639571183
0.9466513286821895
0.9366844511271101
0.9419532756947966
0.9384848226201169
0.9312178060418563
0.9340601960872328
0.9435512395277996
0.9407765917466167
0.9346792964896239
0.9386237065487025
0.9394103605199067
0.932682988483979
0.9398037898970807
0.9405258143078871
0.936813996944308
0.9385166459207688
0.9376568843669858
0.9424256284958528
0.9353128545820147
0.9326881080625906
0.9318085235004222
0.9419887441354201
0.9445807663083561
0.9392808147027091
0.9413195128192609
0.9352168522438823
0.9396609331754919
0.9331644746132792
0.930020193256311
0.9337062898569434
0.9435799501246557
0.9421043237421648
0.9407658201532171
0.9392493190550877
0.9427035192229118
0.9312909955376935
0.9368483185993225
0.9385456841706562
0.9436565799773197
0.9331015242746663
0.9447454529131467
0.9352229547815883
0.9480869813948777
0.9398411423426339
0.9337700183715054
0.9436768125519946
0.9404068762575736
0.9384242068093508
0.9467512219000663
0.937654467925881
0.9421462633301538
0.9400938447429219
0.9372916331504922
0.9273831597482183
0.941578440627141
0.9377471118204435
0.9391144898327627
0.9470900151342936
0.9363329203812962
0.936980895207059
0.9393982783143827
0.9428442052431691
0.9425821237748645
0.9438175395288811
0.9451552649418793
0.9359594368823945
0.9411546214313262
0.9351927287894628
0.9451084105584224
0.9397465734865132
0.9375448270303265
0.9428813119489491
0.9407686461606111
0.9410866743839879
0.9412941197093454
0.940544695313808
0.9397012754549545
0.9402838835009989
0.9416805864596072
0.9298648857195374
0.9402748730426417
0.9366355898688374
0.9357492474629009
0.9435930152892732
0.9387804475674871
0.9428574342343028
0.9332194793658865
0.9396649878817525
0.9409759686160821
0.9425670517354308
0.9476754491877315